; FBX 6.1.0 project file
; Copyright (C) 1997-2008 Autodesk Inc. and/or its licensors.
; All rights reserved.
; ----------------------------------------------------

FBXHeaderExtension:  {
    FBXHeaderVersion: 1003
    FBXVersion: 6100
    CreationTimeStamp:  {
        Version: 1000
        Year: 2011
        Month: 7
        Day: 5
        Hour: 20
        Minute: 23
        Second: 28
        Millisecond: 396
    }
    Creator: "FBX SDK/FBX Plugins version 2009.1"
    OtherFlags:  {
        FlagPLE: 0
    }
}
CreationTime: "2011-07-05 20:23:28:396"
Creator: "FBX SDK/FBX Plugins build 20080516"

; Document Description
;------------------------------------------------------------------

Document:  {
    Name: ""
}

; Document References
;------------------------------------------------------------------

References:  {
}

; Object definitions
;------------------------------------------------------------------

Definitions:  {
    Version: 100
    Count: 17
    ObjectType: "Model" {
        Count: 2
    }
    ObjectType: "Material" {
        Count: 9
    }
    ObjectType: "Texture" {
        Count: 2
    }
    ObjectType: "Video" {
        Count: 2
    }
    ObjectType: "SceneInfo" {
        Count: 1
    }
    ObjectType: "GlobalSettings" {
        Count: 1
    }
}

; Object properties
;------------------------------------------------------------------

Objects:  {
    Model: "Model::Model", "Null" {
        Version: 232
        Properties60:  {
            Property: "QuaternionInterpolate", "bool", "",0
            Property: "RotationOffset", "Vector3D", "",0,0,0
            Property: "RotationPivot", "Vector3D", "",0,0,0
            Property: "ScalingOffset", "Vector3D", "",0,0,0
            Property: "ScalingPivot", "Vector3D", "",0,0,0
            Property: "TranslationActive", "bool", "",0
            Property: "TranslationMin", "Vector3D", "",0,0,0
            Property: "TranslationMax", "Vector3D", "",0,0,0
            Property: "TranslationMinX", "bool", "",0
            Property: "TranslationMinY", "bool", "",0
            Property: "TranslationMinZ", "bool", "",0
            Property: "TranslationMaxX", "bool", "",0
            Property: "TranslationMaxY", "bool", "",0
            Property: "TranslationMaxZ", "bool", "",0
            Property: "RotationOrder", "enum", "",0
            Property: "RotationSpaceForLimitOnly", "bool", "",0
            Property: "RotationStiffnessX", "double", "",0
            Property: "RotationStiffnessY", "double", "",0
            Property: "RotationStiffnessZ", "double", "",0
            Property: "AxisLen", "double", "",10
            Property: "PreRotation", "Vector3D", "",0,0,0
            Property: "PostRotation", "Vector3D", "",0,0,0
            Property: "RotationActive", "bool", "",0
            Property: "RotationMin", "Vector3D", "",0,0,0
            Property: "RotationMax", "Vector3D", "",0,0,0
            Property: "RotationMinX", "bool", "",0
            Property: "RotationMinY", "bool", "",0
            Property: "RotationMinZ", "bool", "",0
            Property: "RotationMaxX", "bool", "",0
            Property: "RotationMaxY", "bool", "",0
            Property: "RotationMaxZ", "bool", "",0
            Property: "InheritType", "enum", "",0
            Property: "ScalingActive", "bool", "",0
            Property: "ScalingMin", "Vector3D", "",1,1,1
            Property: "ScalingMax", "Vector3D", "",1,1,1
            Property: "ScalingMinX", "bool", "",0
            Property: "ScalingMinY", "bool", "",0
            Property: "ScalingMinZ", "bool", "",0
            Property: "ScalingMaxX", "bool", "",0
            Property: "ScalingMaxY", "bool", "",0
            Property: "ScalingMaxZ", "bool", "",0
            Property: "GeometricTranslation", "Vector3D", "",0,0,0
            Property: "GeometricRotation", "Vector3D", "",0,0,0
            Property: "GeometricScaling", "Vector3D", "",1,1,1
            Property: "MinDampRangeX", "double", "",0
            Property: "MinDampRangeY", "double", "",0
            Property: "MinDampRangeZ", "double", "",0
            Property: "MaxDampRangeX", "double", "",0
            Property: "MaxDampRangeY", "double", "",0
            Property: "MaxDampRangeZ", "double", "",0
            Property: "MinDampStrengthX", "double", "",0
            Property: "MinDampStrengthY", "double", "",0
            Property: "MinDampStrengthZ", "double", "",0
            Property: "MaxDampStrengthX", "double", "",0
            Property: "MaxDampStrengthY", "double", "",0
            Property: "MaxDampStrengthZ", "double", "",0
            Property: "PreferedAngleX", "double", "",0
            Property: "PreferedAngleY", "double", "",0
            Property: "PreferedAngleZ", "double", "",0
            Property: "LookAtProperty", "object", ""
            Property: "UpVectorProperty", "object", ""
            Property: "Show", "bool", "",1
            Property: "NegativePercentShapeSupport", "bool", "",1
            Property: "DefaultAttributeIndex", "int", "",-1
            Property: "Lcl Translation", "Lcl Translation", "A+",0,0,0
            Property: "Lcl Rotation", "Lcl Rotation", "A+",0,0,0
            Property: "Lcl Scaling", "Lcl Scaling", "A+",1,1,1
            Property: "Visibility", "Visibility", "A+",1
        }
        MultiLayer: 0
        MultiTake: 1
        Shading: Y
        Culling: "CullingOff"
        TypeFlags: "Null"
    }
    Model: "Model::Mesh1", "Mesh" {
        Version: 232
        Properties60:  {
            Property: "QuaternionInterpolate", "bool", "",0
            Property: "RotationOffset", "Vector3D", "",0,0,0
            Property: "RotationPivot", "Vector3D", "",0,0,0
            Property: "ScalingOffset", "Vector3D", "",0,0,0
            Property: "ScalingPivot", "Vector3D", "",0,0,0
            Property: "TranslationActive", "bool", "",0
            Property: "TranslationMin", "Vector3D", "",0,0,0
            Property: "TranslationMax", "Vector3D", "",0,0,0
            Property: "TranslationMinX", "bool", "",0
            Property: "TranslationMinY", "bool", "",0
            Property: "TranslationMinZ", "bool", "",0
            Property: "TranslationMaxX", "bool", "",0
            Property: "TranslationMaxY", "bool", "",0
            Property: "TranslationMaxZ", "bool", "",0
            Property: "RotationOrder", "enum", "",0
            Property: "RotationSpaceForLimitOnly", "bool", "",0
            Property: "RotationStiffnessX", "double", "",0
            Property: "RotationStiffnessY", "double", "",0
            Property: "RotationStiffnessZ", "double", "",0
            Property: "AxisLen", "double", "",10
            Property: "PreRotation", "Vector3D", "",0,0,0
            Property: "PostRotation", "Vector3D", "",0,0,0
            Property: "RotationActive", "bool", "",0
            Property: "RotationMin", "Vector3D", "",0,0,0
            Property: "RotationMax", "Vector3D", "",0,0,0
            Property: "RotationMinX", "bool", "",0
            Property: "RotationMinY", "bool", "",0
            Property: "RotationMinZ", "bool", "",0
            Property: "RotationMaxX", "bool", "",0
            Property: "RotationMaxY", "bool", "",0
            Property: "RotationMaxZ", "bool", "",0
            Property: "InheritType", "enum", "",0
            Property: "ScalingActive", "bool", "",0
            Property: "ScalingMin", "Vector3D", "",1,1,1
            Property: "ScalingMax", "Vector3D", "",1,1,1
            Property: "ScalingMinX", "bool", "",0
            Property: "ScalingMinY", "bool", "",0
            Property: "ScalingMinZ", "bool", "",0
            Property: "ScalingMaxX", "bool", "",0
            Property: "ScalingMaxY", "bool", "",0
            Property: "ScalingMaxZ", "bool", "",0
            Property: "GeometricTranslation", "Vector3D", "",0,0,0
            Property: "GeometricRotation", "Vector3D", "",0,0,0
            Property: "GeometricScaling", "Vector3D", "",1,1,1
            Property: "MinDampRangeX", "double", "",0
            Property: "MinDampRangeY", "double", "",0
            Property: "MinDampRangeZ", "double", "",0
            Property: "MaxDampRangeX", "double", "",0
            Property: "MaxDampRangeY", "double", "",0
            Property: "MaxDampRangeZ", "double", "",0
            Property: "MinDampStrengthX", "double", "",0
            Property: "MinDampStrengthY", "double", "",0
            Property: "MinDampStrengthZ", "double", "",0
            Property: "MaxDampStrengthX", "double", "",0
            Property: "MaxDampStrengthY", "double", "",0
            Property: "MaxDampStrengthZ", "double", "",0
            Property: "PreferedAngleX", "double", "",0
            Property: "PreferedAngleY", "double", "",0
            Property: "PreferedAngleZ", "double", "",0
            Property: "LookAtProperty", "object", ""
            Property: "UpVectorProperty", "object", ""
            Property: "Show", "bool", "",1
            Property: "NegativePercentShapeSupport", "bool", "",1
            Property: "DefaultAttributeIndex", "int", "",0
            Property: "Lcl Translation", "Lcl Translation", "A+",0,0,0
            Property: "Lcl Rotation", "Lcl Rotation", "A+",0,0,0
            Property: "Lcl Scaling", "Lcl Scaling", "A+",1,1,1
            Property: "Visibility", "Visibility", "A+",1
            Property: "Color", "ColorRGB", "N",0.8,0.8,0.8
            Property: "BBoxMin", "Vector3D", "N",0,0,0
            Property: "BBoxMax", "Vector3D", "N",0,0,0
        }
        MultiLayer: 0
        MultiTake: 1
        Shading: T
        Culling: "CullingOff"
        Vertices: -1.11423879907912,6.14822981737037,-0.731147636200406,-1.39207862964222,6.18480812499326,-0.043008684482376,-1.39207862964222
        ,6.18480812499326,-0.731147636200406,-1.11423879907912,6.14822981737037,-0.043008684482376,-1.39207862964222,6.18480812499326
        ,-0.731147636200406,-1.39207862964222,6.18480812499326,-0.043008684482376,-1.11423879907912,6.14822981737037,-0.731147636200406
        ,-1.11423879907912,6.14822981737037,-0.043008684482376,2.36463031922355,5.43140157414613,-0.731147636200405,2.40120862684647
        ,5.153561743583,-0.043008684482376,2.36463031922355,5.43140157414613,-0.043008684482376,2.40120862684647,5.153561743583
        ,-0.731147636200405,2.36463031922355,5.43140157414613,-0.043008684482376,2.40120862684647,5.153561743583,-0.043008684482376
        ,2.36463031922355,5.43140157414613,-0.731147636200405,2.40120862684647,5.153561743583,-0.731147636200405,-0.462408437267054
        ,4.57457211751696,-0.731147636200406,-0.633006096177426,4.35224491987768,-0.043008684482376,-0.462408437267054,4.57457211751696
        ,-0.043008684482376,-0.633006096177426,4.35224491987768,-0.731147636200406,-0.462408437267054,4.57457211751696,-0.043008684482376
        ,-0.633006096177426,4.35224491987768,-0.043008684482376,-0.462408437267054,4.57457211751696,-0.731147636200406,-0.633006096177426
        ,4.35224491987768,-0.731147636200406,1.04987812463255,6.1904741076109,-0.731147636200405,0.790972619370197,6.08323193595821
        ,-0.043008684482376,0.790972619370197,6.08323193595821,-0.731147636200405,1.04987812463255,6.1904741076109,-0.043008684482376
        ,0.790972619370197,6.08323193595821,-0.731147636200405,0.790972619370197,6.08323193595821,-0.043008684482376,1.04987812463255
        ,6.1904741076109,-0.731147636200405,1.04987812463255,6.1904741076109,-0.043008684482376,-1.11423879907912,4.07440508931456
        ,-0.043008684482376,-1.39207862964222,4.03782678169166,-0.731147636200406,-1.39207862964222,4.03782678169166,-0.043008684482376
        ,-1.11423879907912,4.07440508931456,-0.731147636200406,-1.39207862964222,4.03782678169166,-0.043008684482376,-1.39207862964222
        ,4.03782678169166,-0.731147636200406,-1.11423879907912,4.07440508931456,-0.043008684482376,-1.11423879907912,4.07440508931456
        ,-0.731147636200406,-1.66991846020532,4.07440508931456,-0.043008684482376,-1.92882396546768,4.18164726096725,-0.731147636200406
        ,-1.92882396546768,4.18164726096725,-0.043008684482376,-1.66991846020532,4.07440508931456,-0.731147636200406,-1.92882396546768
        ,4.18164726096725,-0.043008684482376,-1.92882396546768,4.18164726096725,-0.731147636200406,-1.66991846020532,4.07440508931456
        ,-0.043008684482376,-1.66991846020532,4.07440508931456,-0.731147636200406,2.3646303192236,4.87572191302003,-0.731147636200405
        ,2.25738814757082,4.61681640775749,-0.043008684482376,2.3646303192236,4.87572191302003,-0.043008684482376,2.25738814757082
        ,4.61681640775749,-0.731147636200405,2.3646303192236,4.87572191302003,-0.043008684482376,2.25738814757082,4.61681640775749
        ,-0.043008684482376,2.3646303192236,4.87572191302003,-0.731147636200405,2.25738814757082,4.61681640775749,-0.731147636200405
        ,-0.633006096177525,5.87038998680732,-0.731147636200406,-0.462408437266905,5.64806278916772,-0.043008684482376,-0.633006096177525
        ,5.87038998680732,-0.043008684482376,-0.462408437266905,5.64806278916772,-0.731147636200406,-0.633006096177525,5.87038998680732
        ,-0.043008684482376,-0.462408437266905,5.64806278916772,-0.043008684482376,-0.633006096177525,5.87038998680732,-0.731147636200406
        ,-0.462408437266905,5.64806278916772,-0.731147636200406,0.39804776282049,5.6903070794085,-0.731147636200405,0.56864542173086
        ,5.91263427704778,-0.043008684482376,0.39804776282049,5.6903070794085,-0.043008684482376,0.56864542173086,5.91263427704778
        ,-0.731147636200405,0.39804776282049,5.6903070794085,-0.043008684482376,0.56864542173086,5.91263427704778,-0.043008684482376
        ,0.39804776282049,5.6903070794085,-0.731147636200405,0.56864542173086,5.91263427704778,-0.731147636200405,2.08679048866045
        ,4.39448921011821,-0.043008684482376,1.86446329102111,4.22389155120778,-0.731147636200405,1.86446329102111,4.22389155120778
        ,-0.043008684482376,2.08679048866045,4.39448921011821,-0.731147636200405,1.86446329102111,4.22389155120778,-0.043008684482376
        ,1.86446329102111,4.22389155120778,-0.731147636200405,2.08679048866045,4.39448921011821,-0.043008684482376,2.08679048866045
        ,4.39448921011821,-0.731147636200405,-0.355166265614323,5.3891572839056,-0.731147636200406,-0.318587957991406,5.11131745334246
        ,-0.043008684482376,-0.355166265614323,5.3891572839056,-0.043008684482376,-0.318587957991406,5.11131745334246,-0.731147636200406
        ,-0.355166265614323,5.3891572839056,-0.043008684482376,-0.318587957991406,5.11131745334246,-0.043008684482376,-0.355166265614323
        ,5.3891572839056,-0.731147636200406,-0.318587957991406,5.11131745334246,-0.731147636200406,0.290805591167707,5.43140157414596
        ,-0.731147636200405,0.290805591167707,5.43140157414596,-0.043008684482376,0.290805591167707,5.43140157414596,-0.043008684482376
        ,0.290805591167707,5.43140157414596,-0.731147636200405,2.08679048866035,5.91263427704785,-0.731147636200405,1.86446329102111
        ,6.08323193595821,-0.043008684482376,1.86446329102111,6.08323193595821,-0.731147636200405,2.08679048866035,5.91263427704785
        ,-0.043008684482376,1.86446329102111,6.08323193595821,-0.731147636200405,1.86446329102111,6.08323193595821,-0.043008684482376
        ,2.08679048866035,5.91263427704785,-0.731147636200405,2.08679048866035,5.91263427704785,-0.043008684482376,0.568645421730959
        ,4.39448921011814,-0.731147636200405,0.398047762820341,4.61681640775774,-0.043008684482376,0.568645421730959,4.39448921011814
        ,-0.043008684482376,0.398047762820341,4.61681640775774,-0.731147636200405,0.568645421730959,4.39448921011814,-0.043008684482376
        ,0.398047762820341,4.61681640775774,-0.043008684482376,0.568645421730959,4.39448921011814,-0.731147636200405,0.398047762820341
        ,4.61681640775774,-0.731147636200405,0.290805591167757,4.87572191301986,-0.731147636200405,0.25422728354484,5.153561743583
        ,-0.043008684482376,0.290805591167757,4.87572191301986,-0.043008684482376,0.25422728354484,5.153561743583,-0.731147636200405
        ,0.290805591167757,4.87572191301986,-0.043008684482376,0.25422728354484,5.153561743583,-0.043008684482376,0.290805591167757
        ,4.87572191301986,-0.731147636200405,0.25422728354484,5.153561743583,-0.731147636200405,1.60555778575876,4.11664937955509
        ,-0.731147636200405,1.04987812463255,4.11664937955509,-0.731147636200405,1.32771795519565,4.08007107193219,-0.731147636200405
        ,1.86446329102111,4.22389155120778,-0.731147636200405,0.790972619370197,4.22389155120778,-0.731147636200405,2.08679048866045
        ,4.39448921011821,-0.731147636200405,0.568645421730959,4.39448921011814,-0.731147636200405,0.398047762820341,4.61681640775774
        ,-0.731147636200405,2.25738814757082,4.61681640775749,-0.731147636200405,2.3646303192236,4.87572191302003,-0.731147636200405
        ,0.290805591167757,4.87572191301986,-0.731147636200405,0.25422728354484,5.153561743583,-0.731147636200405,2.40120862684647
        ,5.153561743583,-0.731147636200405,2.36463031922355,5.43140157414613,-0.731147636200405,0.290805591167707,5.43140157414596
        ,-0.731147636200405,0.39804776282049,5.6903070794085,-0.731147636200405,2.25738814757097,5.69030707940825,-0.731147636200405
        ,2.08679048866035,5.91263427704785,-0.731147636200405,0.56864542173086,5.91263427704778,-0.731147636200405,0.790972619370197
        ,6.08323193595821,-0.731147636200405,1.86446329102111,6.08323193595821,-0.731147636200405,1.60555778575876,6.1904741076109
        ,-0.731147636200405,1.04987812463255,6.1904741076109,-0.731147636200405,1.32771795519565,6.2270524152338,-0.731147636200405
        ,1.32771795519565,4.08007107193219,-0.731147636200405,1.04987812463255,4.11664937955509,-0.731147636200405,1.60555778575876
        ,4.11664937955509,-0.731147636200405,1.86446329102111,4.22389155120778,-0.731147636200405,0.790972619370197,4.22389155120778
        ,-0.731147636200405,2.08679048866045,4.39448921011821,-0.731147636200405,0.568645421730959,4.39448921011814,-0.731147636200405
        ,0.398047762820341,4.61681640775774,-0.731147636200405,2.25738814757082,4.61681640775749,-0.731147636200405,2.3646303192236
        ,4.87572191302003,-0.731147636200405,0.290805591167757,4.87572191301986,-0.731147636200405,0.25422728354484,5.153561743583
        ,-0.731147636200405,2.40120862684647,5.153561743583,-0.731147636200405,2.36463031922355,5.43140157414613,-0.731147636200405
        ,0.290805591167707,5.43140157414596,-0.731147636200405,0.39804776282049,5.6903070794085,-0.731147636200405,2.25738814757097
        ,5.69030707940825,-0.731147636200405,2.08679048866035,5.91263427704785,-0.731147636200405,0.56864542173086,5.91263427704778
        ,-0.731147636200405,0.790972619370197,6.08323193595821,-0.731147636200405,1.86446329102111,6.08323193595821,-0.731147636200405
        ,1.60555778575876,6.1904741076109,-0.731147636200405,1.04987812463255,6.1904741076109,-0.731147636200405,1.32771795519565
        ,6.2270524152338,-0.731147636200405,2.25738814757097,5.69030707940825,-0.043008684482376,2.25738814757097,5.69030707940825
        ,-0.731147636200405,2.25738814757097,5.69030707940825,-0.043008684482376,2.25738814757097,5.69030707940825,-0.731147636200405
        ,-2.42899099367012,4.83347762277932,-0.731147636200406,-2.46556930129303,5.11131745334246,-0.043008684482376,-2.42899099367012
        ,4.83347762277932,-0.043008684482376,-2.46556930129303,5.11131745334246,-0.731147636200406,-2.42899099367012,4.83347762277932
        ,-0.043008684482376,-2.46556930129303,5.11131745334246,-0.043008684482376,-2.42899099367012,4.83347762277932,-0.731147636200406
        ,-2.46556930129303,5.11131745334246,-0.731147636200406,1.60555778575876,6.1904741076109,-0.043008684482376,1.60555778575876
        ,6.1904741076109,-0.731147636200405,1.60555778575876,6.1904741076109,-0.731147636200405,1.60555778575876,6.1904741076109
        ,-0.043008684482376,-2.15115116310691,4.35224491987761,-0.731147636200406,-2.15115116310691,4.35224491987761,-0.043008684482376
        ,-2.15115116310691,4.35224491987761,-0.043008684482376,-2.15115116310691,4.35224491987761,-0.731147636200406,-4.31327455379757
        ,5.12667715957466,-0.043008684482376,-4.30681738594206,5.0776301002795,0,-4.31327455379757,5.12667715957466,0,-4.30681738594206
        ,5.0776301002795,-0.043008684482376,-4.31327455379757,5.12667715957466,0,-4.30681738594206,5.0776301002795,0,-4.31327455379757
        ,5.12667715957466,-0.043008684482376,-4.30681738594206,5.0776301002795,-0.043008684482376,1.60555778575876,4.11664937955509
        ,-0.731147636200405,1.60555778575876,4.11664937955509,-0.043008684482376,1.60555778575876,4.11664937955509,-0.043008684482376
        ,1.60555778575876,4.11664937955509,-0.731147636200405,-3.95965660968753,5.03192551702122,-0.043008684482376,-3.94072515143933
        ,5.0776301002795,0,-3.95965660968753,5.03192551702122,0,-3.94072515143933,5.0776301002795,-0.043008684482376,-3.95965660968753
        ,5.03192551702122,0,-3.94072515143933,5.0776301002795,0,-3.95965660968753,5.03192551702122,-0.043008684482376,-3.94072515143933
        ,5.0776301002795,-0.043008684482376,-3.98977221073448,4.99267810161845,-0.043008684482376,-3.98977221073448,4.99267810161845
        ,0,-3.98977221073448,4.99267810161845,0,-3.98977221073448,4.99267810161845,-0.043008684482376,4.59831848058976,1.31957086185236
        ,-5.54812029822661,-4.05033948727366,0,-5.54812029822661,4.2073279333427,0,-5.54812029822661,1.16256984069105,0.951527235764738
        ,-5.54812029822661,1.16256984069105,1.63966618748277,-5.54812029822661,0.639605895032654,2.49254250359348,-5.54812029822661
        ,-1.58998596618109,1.63966618748277,-5.54812029822661,-1.58998596618109,0.951527235764738,-5.54812029822661,-4.52346601806132
        ,1.292397830914,-5.54812029822661,-0.73667200840339,2.49254250359348,-5.54812029822661,4.2073279333427,0,-5.54812029822661
        ,-4.05033948727366,0,-5.54812029822661,4.59831848058976,1.31957086185236,-5.54812029822661,1.16256984069105,0.951527235764738
        ,-5.54812029822661,1.16256984069105,1.63966618748277,-5.54812029822661,0.639605895032654,2.49254250359348,-5.54812029822661
        ,-1.58998596618109,1.63966618748277,-5.54812029822661,-4.52346601806132,1.292397830914,-5.54812029822661,-1.58998596618109
        ,0.951527235764738,-5.54812029822661,-0.73667200840339,2.49254250359348,-5.54812029822661,-0.73667200840339,2.67868359350294
        ,-5.54812029822661,-0.73667200840339,2.49254250359348,-0.0430086844823748,-0.73667200840339,2.67868359350294,-0.0430086844823748
        ,-0.73667200840339,2.49254250359348,-5.54812029822661,-0.73667200840339,2.67868359350294,-0.0430086844823748,-0.73667200840339
        ,2.49254250359348,-0.0430086844823748,-0.73667200840339,2.67868359350294,-5.54812029822661,-0.73667200840339,2.49254250359348
        ,-5.54812029822661,-0.73667200840339,3.18068145531151,-0.043008684482376,-0.73667200840339,3.18068145531151,-5.54812029822661
        ,-0.73667200840339,3.18068145531151,-0.043008684482376,-0.73667200840339,3.18068145531151,-5.54812029822661,0.639605895032654
        ,3.18068145531151,-0.043008684482376,-0.73667200840339,2.49254250359348,-0.0430086844823748,0.639605895032654,2.49254250359348
        ,-0.0430086844823748,-0.73667200840339,2.67868359350294,-0.0430086844823748,-0.73667200840339,3.18068145531151,-0.043008684482376
        ,0.639605895032654,2.49254250359348,-0.0430086844823748,-0.73667200840339,2.49254250359348,-0.0430086844823748,0.639605895032654
        ,3.18068145531151,-0.043008684482376,-0.73667200840339,2.67868359350294,-0.0430086844823748,-0.73667200840339,3.18068145531151
        ,-0.043008684482376,0.783910012648104,3.18068145531151,-5.54812029822662,0.639605895032654,3.18068145531151,-0.043008684482376
        ,0.639605895032654,3.18068145531151,-5.54812029822661,0.783910012648104,3.18068145531151,-0.043008684482376,0.639605895032654
        ,3.18068145531151,-5.54812029822661,0.639605895032654,3.18068145531151,-0.043008684482376,0.783910012648104,3.18068145531151
        ,-5.54812029822662,0.783910012648104,3.18068145531151,-0.043008684482376,-0.73667200840339,3.18068145531151,-5.54812029822661
        ,-13.3206163308547,3.18068145531151,-0.043008684482376,-13.3206163308547,3.18068145531151,-5.54812029822662,-0.73667200840339
        ,3.18068145531151,-0.043008684482376,-13.3206163308547,3.18068145531151,-5.54812029822662,-13.3206163308547,3.18068145531151
        ,-0.043008684482376,-0.73667200840339,3.18068145531151,-5.54812029822661,-0.73667200840339,3.18068145531151,-0.043008684482376
        ,-13.3206163308547,3.18068145531151,-5.54812029822662,-13.4950718466589,3.18590114653929,-0.043008684482376,-13.4950718466589
        ,3.18590114653929,-5.54812029822662,-13.3206163308547,3.18068145531151,-0.043008684482376,-13.4950718466589,3.18590114653929
        ,-5.54812029822662,-13.4950718466589,3.18590114653929,-0.043008684482376,-13.3206163308547,3.18068145531151,-5.54812029822662
        ,-13.3206163308547,3.18068145531151,-0.043008684482376,-13.6689032306709,3.20154154626307,-0.043008684482376,-13.6689032306709
        ,3.20154154626307,-5.54812029822662,-13.6689032306709,3.20154154626307,-5.54812029822662,-13.6689032306709,3.20154154626307
        ,-0.043008684482376,-13.8414885839913,3.22754669941223,-0.043008684482376,-13.8414885839913,3.22754669941223,-5.54812029822662
        ,-13.8414885839913,3.22754669941223,-5.54812029822662,-13.8414885839913,3.22754669941223,-0.043008684482376,-14.0122104655184
        ,3.26382356998978,-0.043008684482376,-14.0122104655184,3.26382356998978,-5.54812029822662,-14.0122104655184,3.26382356998978
        ,-5.54812029822662,-14.0122104655184,3.26382356998978,-0.043008684482376,-14.1804581009042,3.31024237391781,-0.043008684482376
        ,-14.1804581009042,3.31024237391781,-5.54812029822662,-14.1804581009042,3.31024237391781,-5.54812029822662,-14.1804581009042
        ,3.31024237391781,-0.043008684482376,-14.3456295676602,3.36663704335286,-0.043008684482376,-14.3456295676602,3.36663704335286
        ,-5.54812029822662,-14.3456295676602,3.36663704335286,-5.54812029822662,-14.3456295676602,3.36663704335286,-0.043008684482376
        ,-14.5071339485942,3.43280582080995,-0.043008684482376,-14.5071339485942,3.43280582080995,-5.54812029822662,-14.5071339485942
        ,3.43280582080995,-5.54812029822662,-14.5071339485942,3.43280582080995,-0.043008684482376,-14.6643934458746,3.50851198096989
        ,-0.043008684482376,-14.6643934458746,3.50851198096989,-5.54812029822662,-14.6643934458746,3.50851198096989,-5.54812029822662
        ,-14.6643934458746,3.50851198096989,-0.043008684482376,-14.8168454481592,3.59348467758737,-5.54812029822662,-14.9639445433929
        ,3.68741991247013,-0.043008684482376,-14.9639445433929,3.68741991247013,-5.54812029822662,-14.8168454481592,3.59348467758737
        ,-0.043008684482376,-14.9639445433929,3.68741991247013,-5.54812029822662,-14.9639445433929,3.68741991247013,-0.043008684482376
        ,-14.8168454481592,3.59348467758737,-5.54812029822662,-14.8168454481592,3.59348467758737,-0.043008684482376,15.1173814098757
        ,6.35196798517784,-5.54812029822662,14.9896434522131,6.5330141197988,-0.043008684482376,15.1173814098757,6.35196798517784
        ,-0.043008684482376,14.9896434522131,6.5330141197988,-5.54812029822662,15.1173814098757,6.35196798517784,-0.043008684482376
        ,14.9896434522131,6.5330141197988,-0.043008684482376,15.1173814098757,6.35196798517784,-5.54812029822662,14.9896434522131
        ,6.5330141197988,-5.54812029822662,15.3152298436218,5.95606693959885,-5.54812029822662,15.2262777546572,6.15900095487929
        ,-0.043008684482376,15.3152298436218,5.95606693959885,-0.043008684482376,15.2262777546572,6.15900095487929,-5.54812029822662
        ,15.3152298436218,5.95606693959885,-0.043008684482376,15.2262777546572,6.15900095487929,-0.043008684482376,15.3152298436218
        ,5.95606693959885,-5.54812029822662,15.2262777546572,6.15900095487929,-5.54812029822662,14.683326982569,3.35643090493288
        ,-5.54812029822662,14.4791591533266,3.23695419035572,-0.043008684482376,14.4791591533266,3.23695419035572,-5.54812029822662
        ,14.683326982569,3.35643090493288,-0.043008684482376,14.4791591533266,3.23695419035572,-5.54812029822662,14.4791591533266
        ,3.23695419035572,-0.043008684482376,14.683326982569,3.35643090493288,-5.54812029822662,14.683326982569,3.35643090493288
        ,-0.043008684482376,14.3337525353199,3.18068145531151,-0.043008684482376,14.3337525353199,3.18068145531151,-5.54812029822662
        ,14.3337525353199,3.18068145531151,-5.54812029822662,14.3337525353199,3.18068145531151,-0.043008684482376,-6.5693337676259
        ,4.14985498275924,-0.043008684482376,-7.12501342875211,4.14985498275924,-0.043008684482376,-6.84717359818901,4.11327667513635
        ,-0.043008684482376,-6.31042826236355,4.25709715441193,-0.043008684482376,-7.38391893401446,4.25709715441193,-0.043008684482376
        ,-6.08810106472421,4.42769481332237,-0.043008684482376,-7.6062461316537,4.42769481332229,-0.043008684482376,-7.77684379056432
        ,4.65002201096189,-0.043008684482376,-5.91750340581384,4.65002201096164,-0.043008684482376,-5.81026123416106,4.90892751622418
        ,-0.043008684482376,-7.8840859622169,4.90892751622401,-0.043008684482376,-7.92066426983982,5.18676734678715,-0.043008684482376
        ,-5.77368292653819,5.18676734678715,-0.043008684482376,-5.81026123416111,5.46460717735029,-0.043008684482376,-7.88408596221695
        ,5.46460717735011,-0.043008684482376,-7.77684379056417,5.72351268261265,-0.043008684482376,-5.91750340581369,5.7235126826124
        ,-0.043008684482376,-6.08810106472431,5.945839880252,-0.043008684482376,-7.6062461316538,5.94583988025193,-0.043008684482376
        ,-7.38391893401446,6.11643753916236,-0.043008684482376,-6.31042826236355,6.11643753916236,-0.043008684482376,-6.5693337676259
        ,6.22367971081505,-0.043008684482376,-7.12501342875211,6.22367971081505,-0.043008684482376,-6.84717359818901,6.26025801843795
        ,-0.043008684482376,-6.84717359818901,4.11327667513635,-0.043008684482376,-7.12501342875211,4.14985498275924,-0.043008684482376
        ,-6.5693337676259,4.14985498275924,-0.043008684482376,-6.31042826236355,4.25709715441193,-0.043008684482376,-7.38391893401446
        ,4.25709715441193,-0.043008684482376,-6.08810106472421,4.42769481332237,-0.043008684482376,-7.6062461316537,4.42769481332229
        ,-0.043008684482376,-7.77684379056432,4.65002201096189,-0.043008684482376,-5.91750340581384,4.65002201096164,-0.043008684482376
        ,-5.81026123416106,4.90892751622418,-0.043008684482376,-7.8840859622169,4.90892751622401,-0.043008684482376,-7.92066426983982
        ,5.18676734678715,-0.043008684482376,-5.77368292653819,5.18676734678715,-0.043008684482376,-5.81026123416111,5.46460717735029
        ,-0.043008684482376,-7.88408596221695,5.46460717735011,-0.043008684482376,-7.77684379056417,5.72351268261265,-0.043008684482376
        ,-5.91750340581369,5.7235126826124,-0.043008684482376,-6.08810106472431,5.945839880252,-0.043008684482376,-7.6062461316538
        ,5.94583988025193,-0.043008684482376,-7.38391893401446,6.11643753916236,-0.043008684482376,-6.31042826236355,6.11643753916236
        ,-0.043008684482376,-6.5693337676259,6.22367971081505,-0.043008684482376,-7.12501342875211,6.22367971081505,-0.043008684482376
        ,-6.84717359818901,6.26025801843795,-0.043008684482376,14.4791591533266,3.23695419035572,-5.54812029822662,0.783910012648104
        ,3.18068145531151,-5.54812029822662,14.3337525353199,3.18068145531151,-5.54812029822662,0.639605895032654,3.18068145531151
        ,-5.54812029822661,-0.73667200840339,3.18068145531151,-5.54812029822661,-13.3206163308547,3.18068145531151,-5.54812029822662
        ,-13.4950718466589,3.18590114653929,-5.54812029822662,-13.6689032306709,3.20154154626307,-5.54812029822662,-13.8414885839913
        ,3.22754669941223,-5.54812029822662,-14.0122104655184,3.26382356998978,-5.54812029822662,14.683326982569,3.35643090493288
        ,-5.54812029822662,-14.1804581009042,3.31024237391781,-5.54812029822662,-14.3456295676602,3.36663704335286,-5.54812029822662
        ,14.8658212237372,3.50694681692937,-5.54812029822662,-14.5071339485942,3.43280582080995,-5.54812029822662,-14.6643934458746
        ,3.50851198096989,-5.54812029822662,2.41249629868859,3.52441176123301,-5.54812029822662,15.0219679990892,3.68464704869869
        ,-5.54812029822662,2.41249629868859,6.27696756810512,-5.54812029822662,15.1477682183899,3.88498050233931,-5.54812029822662
        ,15.24,4.10281641830529,-5.54812029822662,15.2963011867991,4.3325757797875,-5.54812029822662,15.3152298436218,4.56837419745519
        ,-5.54812029822662,15.3152298436218,5.95606693959885,-5.54812029822662,15.2262777546572,6.15900095487929,-5.54812029822662
        ,15.1597061078496,6.27696756810512,-5.54812029822662,-8.59772692879987,3.52441176123301,-5.54812029822662,-14.8168454481592
        ,3.59348467758737,-5.54812029822662,-8.59772692879987,6.27696756810512,-5.54812029822662,-14.9639445433929,3.68741991247013
        ,-5.54812029822662,-15.1051644700726,3.78998162306243,-5.54812029822662,-15.24,3.90080288474193,-5.54812029822662
        ,-15.24,6.27696756810512,-5.54812029822662,14.3337525353199,3.18068145531151,-5.54812029822662,0.783910012648104,3.18068145531151
        ,-5.54812029822662,14.4791591533266,3.23695419035572,-5.54812029822662,0.639605895032654,3.18068145531151,-5.54812029822661
        ,-0.73667200840339,3.18068145531151,-5.54812029822661,-13.3206163308547,3.18068145531151,-5.54812029822662,-13.4950718466589
        ,3.18590114653929,-5.54812029822662,-13.6689032306709,3.20154154626307,-5.54812029822662,-13.8414885839913,3.22754669941223
        ,-5.54812029822662,-14.0122104655184,3.26382356998978,-5.54812029822662,14.683326982569,3.35643090493288,-5.54812029822662
        ,-14.1804581009042,3.31024237391781,-5.54812029822662,-14.3456295676602,3.36663704335286,-5.54812029822662,14.8658212237372
        ,3.50694681692937,-5.54812029822662,-14.5071339485942,3.43280582080995,-5.54812029822662,-14.6643934458746,3.50851198096989
        ,-5.54812029822662,2.41249629868859,3.52441176123301,-5.54812029822662,15.0219679990892,3.68464704869869,-5.54812029822662
        ,2.41249629868859,6.27696756810512,-5.54812029822662,15.1477682183899,3.88498050233931,-5.54812029822662,15.24,4.10281641830529
        ,-5.54812029822662,15.2963011867991,4.3325757797875,-5.54812029822662,15.3152298436218,4.56837419745519,-5.54812029822662
        ,15.3152298436218,5.95606693959885,-5.54812029822662,15.2262777546572,6.15900095487929,-5.54812029822662,15.1597061078496
        ,6.27696756810512,-5.54812029822662,-14.8168454481592,3.59348467758737,-5.54812029822662,-8.59772692879987,3.52441176123301
        ,-5.54812029822662,-8.59772692879987,6.27696756810512,-5.54812029822662,-14.9639445433929,3.68741991247013,-5.54812029822662
        ,-15.1051644700726,3.78998162306243,-5.54812029822662,-15.24,3.90080288474193,-5.54812029822662,-15.24,6.27696756810512
        ,-5.54812029822662,-6.84717359818901,4.11327667513635,-0.043008684482376,-7.12501342875211,4.14985498275924,-0.731147636200406
        ,-7.12501342875211,4.14985498275924,-0.043008684482376,-6.84717359818901,4.11327667513635,-0.731147636200406,-7.12501342875211
        ,4.14985498275924,-0.043008684482376,-7.12501342875211,4.14985498275924,-0.731147636200406,-6.84717359818901,4.11327667513635
        ,-0.043008684482376,-6.84717359818901,4.11327667513635,-0.731147636200406,-5.81026123416111,5.46460717735029,-0.731147636200406
        ,-5.77368292653819,5.18676734678715,-0.043008684482376,-5.81026123416111,5.46460717735029,-0.043008684482376,-5.77368292653819
        ,5.18676734678715,-0.731147636200406,-5.81026123416111,5.46460717735029,-0.043008684482376,-5.77368292653819,5.18676734678715
        ,-0.043008684482376,-5.81026123416111,5.46460717735029,-0.731147636200406,-5.77368292653819,5.18676734678715,-0.731147636200406
        ,-1.11423879907912,4.07440508931456,-0.731147636200406,-1.66991846020532,4.07440508931456,-0.731147636200406,-1.39207862964222
        ,4.03782678169166,-0.731147636200406,-0.855333293816763,4.18164726096725,-0.731147636200406,-1.92882396546768,4.18164726096725
        ,-0.731147636200406,-0.633006096177426,4.35224491987768,-0.731147636200406,-2.15115116310691,4.35224491987761,-0.731147636200406
        ,-2.32174882201753,4.57457211751721,-0.731147636200406,-0.462408437267054,4.57457211751696,-0.731147636200406,-0.355166265614273
        ,4.8334776227795,-0.731147636200406,-2.42899099367012,4.83347762277932,-0.731147636200406,-2.46556930129303,5.11131745334246
        ,-0.731147636200406,-0.318587957991406,5.11131745334246,-0.731147636200406,-0.355166265614323,5.3891572839056,-0.731147636200406
        ,-2.42899099367017,5.38915728390543,-0.731147636200406,-2.32174882201738,5.64806278916797,-0.731147636200406,-0.462408437266905
        ,5.64806278916772,-0.731147636200406,-0.633006096177525,5.87038998680732,-0.731147636200406,-2.15115116310701,5.87038998680724
        ,-0.731147636200406,-1.92882396546768,6.04098764571768,-0.731147636200406,-0.855333293816763,6.04098764571768,-0.731147636200406
        ,-1.11423879907912,6.14822981737037,-0.731147636200406,-1.66991846020532,6.14822981737037,-0.731147636200406,-1.39207862964222
        ,6.18480812499326,-0.731147636200406,-1.39207862964222,4.03782678169166,-0.731147636200406,-1.66991846020532,4.07440508931456
        ,-0.731147636200406,-1.11423879907912,4.07440508931456,-0.731147636200406,-0.855333293816763,4.18164726096725,-0.731147636200406
        ,-1.92882396546768,4.18164726096725,-0.731147636200406,-0.633006096177426,4.35224491987768,-0.731147636200406,-2.15115116310691
        ,4.35224491987761,-0.731147636200406,-2.32174882201753,4.57457211751721,-0.731147636200406,-0.462408437267054,4.57457211751696
        ,-0.731147636200406,-0.355166265614273,4.8334776227795,-0.731147636200406,-2.42899099367012,4.83347762277932,-0.731147636200406
        ,-2.46556930129303,5.11131745334246,-0.731147636200406,-0.318587957991406,5.11131745334246,-0.731147636200406,-0.355166265614323
        ,5.3891572839056,-0.731147636200406,-2.42899099367017,5.38915728390543,-0.731147636200406,-2.32174882201738,5.64806278916797
        ,-0.731147636200406,-0.462408437266905,5.64806278916772,-0.731147636200406,-0.633006096177525,5.87038998680732,-0.731147636200406
        ,-2.15115116310701,5.87038998680724,-0.731147636200406,-1.92882396546768,6.04098764571768,-0.731147636200406,-0.855333293816763
        ,6.04098764571768,-0.731147636200406,-1.11423879907912,6.14822981737037,-0.731147636200406,-1.66991846020532,6.14822981737037
        ,-0.731147636200406,-1.39207862964222,6.18480812499326,-0.731147636200406,-0.855333293816763,4.18164726096725,-0.731147636200406
        ,-0.855333293816763,4.18164726096725,-0.043008684482376,-0.855333293816763,4.18164726096725,-0.043008684482376,-0.855333293816763
        ,4.18164726096725,-0.731147636200406,1.04987812463255,4.11664937955509,-0.043008684482376,0.790972619370197,4.22389155120778
        ,-0.731147636200405,0.790972619370197,4.22389155120778,-0.043008684482376,1.04987812463255,4.11664937955509,-0.731147636200405
        ,0.790972619370197,4.22389155120778,-0.043008684482376,0.790972619370197,4.22389155120778,-0.731147636200405,1.04987812463255
        ,4.11664937955509,-0.043008684482376,1.04987812463255,4.11664937955509,-0.731147636200405,-0.355166265614273,4.8334776227795
        ,-0.731147636200406,-0.355166265614273,4.8334776227795,-0.043008684482376,-0.355166265614273,4.8334776227795,-0.043008684482376
        ,-0.355166265614273,4.8334776227795,-0.731147636200406,1.32771795519565,4.08007107193219,-0.731147636200405,1.32771795519565
        ,4.08007107193219,-0.043008684482376,1.32771795519565,4.08007107193219,-0.043008684482376,1.32771795519565,4.08007107193219
